[[-1.45158902e-02]
 [-8.24173990e-03]
 [ 6.49158526e-02]
 [ 8.00376053e-03]
 [-1.65910176e-02]
 [ 1.90812422e-02]
 [ 8.85519099e-03]
 [ 5.81590799e-03]
 [ 3.30787312e-02]
 [-4.35981736e-03]
 [ 2.07615087e-02]
 [ 1.22703112e-03]
 [ 1.67006123e-02]
 [ 1.27255994e-02]
 [ 3.72445013e-02]
 [-2.27547429e-02]
 [ 1.49769857e-02]
 [ 5.20046428e-02]
 [ 5.51589694e-02]
 [ 2.10120957e-02]
 [ 9.03635509e-02]
 [-1.87550741e-02]
 [ 2.47962417e-03]
 [-7.06846803e-04]
 [-5.71960758e-02]
 [ 4.28581923e-02]
 [ 6.12750638e-02]
 [ 1.97348118e-03]
 [ 6.47800075e-02]
 [ 1.89578587e-02]
 [-1.06093491e-02]
 [ 2.72498653e-02]
 [-4.42143214e-03]
 [ 7.35129904e-03]
 [-1.10605677e-02]
 [ 5.19420053e-02]
 [-1.94574454e-04]
 [-8.79778323e-03]
 [ 2.52671956e-02]
 [ 5.01559160e-02]
 [ 2.80791752e-02]
 [ 2.35504689e-03]
 [-1.61577517e-02]
 [ 3.42697724e-02]
 [ 1.44055775e-02]
 [ 1.00926015e-02]
 [ 1.68859529e-02]
 [-3.42070988e-02]
 [ 9.18688367e-03]
 [ 3.23446346e-02]
 [ 8.41459269e-03]
 [-2.41150776e-03]
 [ 9.04395239e-03]
 [ 7.61176389e-03]
 [-2.84265278e-03]
 [ 3.76470125e-02]
 [ 8.09185650e-03]
 [-5.19269982e-03]
 [ 2.92499110e-02]
 [ 1.67765084e-02]
 [ 6.52037984e-03]
 [ 1.81157003e-02]
 [ 1.00885266e-03]
 [ 1.61471379e-02]
 [ 3.87538198e-02]
 [-1.33236289e-02]
 [ 2.38361988e-03]
 [ 4.42197851e-02]
 [ 1.65022198e-02]
 [ 1.52222183e-02]
 [ 1.02412378e-02]
 [-1.04563656e-02]
 [ 1.25744000e-02]
 [ 2.92555647e-03]
 [-3.16748710e-02]
 [ 1.79051279e-02]
 [ 1.56470389e-02]
 [ 4.31907789e-02]
 [ 2.80270510e-02]
 [ 1.09488629e-03]
 [-3.15909682e-02]
 [-6.74609436e-03]
 [ 5.40477862e-02]
 [-4.78841712e-04]
 [ 3.43321539e-02]
 [ 2.12888857e-02]
 [ 1.59466023e-02]
 [ 6.60949011e-02]
 [ 2.32544792e-02]
 [ 2.68394821e-02]
 [ 4.65353037e-03]
 [ 4.10495553e-04]
 [ 4.60839562e-03]
 [-4.85848507e-02]
 [ 5.93398567e-02]
 [ 3.74714231e-02]
 [ 2.39542486e-02]
 [ 3.32319661e-02]
 [-2.14037421e-02]
 [ 6.71818074e-02]
 [-2.07143016e-02]
 [ 1.31692438e-02]
 [ 2.09062204e-02]
 [ 9.58074163e-03]
 [ 3.53412340e-02]
 [ 2.46229923e-02]
 [-1.23348489e-02]
 [ 5.63124019e-02]
 [ 7.05465649e-02]
 [-1.93108816e-02]
 [-1.65931053e-02]
 [ 3.26811164e-02]
 [ 3.48783133e-05]
 [ 4.18297888e-04]
 [ 2.90478453e-02]
 [ 7.89764024e-02]
 [-2.34247656e-02]
 [ 1.14868527e-02]
 [ 7.96146673e-04]
 [ 1.11657870e-02]
 [ 2.40254580e-02]
 [ 9.14367063e-03]
 [-3.37346408e-03]
 [ 2.53484310e-02]
 [-6.96843653e-03]
 [ 6.54582402e-02]
 [ 2.04178370e-02]
 [ 7.18713467e-02]]