[[-5.42407926e-03]
 [ 1.09145475e-03]
 [-8.43954501e-03]
 [-1.59037614e-04]
 [-9.66009784e-04]
 [-4.10966711e-03]
 [-3.58068133e-02]
 [ 2.79469898e-02]
 [ 4.36389879e-02]
 [ 1.88157096e-02]
 [-3.67157966e-05]
 [ 3.15617454e-04]
 [ 7.83970610e-02]
 [ 2.06040773e-02]
 [ 1.62931205e-02]
 [ 5.17164557e-02]
 [ 3.41197417e-02]
 [-7.25001428e-02]
 [ 2.78878252e-02]
 [ 1.58012278e-02]
 [-6.12719486e-03]
 [ 2.47139423e-02]
 [-4.48963888e-03]
 [ 5.71124140e-02]
 [ 5.85074538e-02]
 [ 4.53032746e-02]
 [-1.74829823e-03]
 [ 8.82869929e-02]
 [-7.90471447e-03]
 [ 2.57593115e-02]
 [ 1.01916006e-02]
 [ 2.50418776e-02]
 [ 5.30219373e-02]
 [-1.51398353e-02]
 [-4.51648194e-02]
 [ 3.80108234e-04]
 [ 9.22117067e-03]
 [ 1.40243274e-05]
 [ 3.39833989e-02]
 [-1.60830888e-02]
 [-4.47869302e-03]
 [ 4.70279718e-02]
 [-5.23382521e-03]
 [ 4.40956535e-02]
 [-1.51697229e-03]
 [ 1.21377090e-02]
 [-3.60052282e-03]
 [ 5.69368039e-02]
 [-9.38109129e-03]
 [ 4.59867497e-02]
 [-1.47345884e-02]
 [-4.24550163e-03]
 [ 2.67593981e-02]
 [ 1.12919367e-01]
 [-1.46151653e-02]
 [ 4.04636743e-04]
 [ 1.78835996e-02]
 [-4.43502657e-02]
 [ 6.01773030e-02]
 [-1.97115878e-02]
 [ 5.29340683e-02]
 [ 4.95957116e-02]
 [-1.50337817e-02]
 [ 3.44302845e-02]]