[[ 6.61211594e-02 -1.43594980e-01  2.43191778e-01 -2.22191229e-01
  -9.08816776e-02  1.22566970e-01  1.26605292e-01  1.35483610e-01
   8.00463971e-02  1.58840615e-01  1.70523004e-01 -7.52214849e-02
  -3.17894526e-02 -1.39235708e-01  4.07974302e-01  6.67216252e-01
  -2.53378860e-01 -6.75950339e-02  1.93603158e-02  1.91667556e-01
  -9.57144353e-02 -7.09901459e-02  1.06962186e-01 -6.74539303e-02
   3.07499090e-01 -3.49160410e-01 -1.95138221e-01 -1.02695453e-01
   4.46142717e-02 -2.18915753e-01 -6.97765668e-02  7.81785238e-02
  -4.70971409e-01  1.43184814e-01 -6.26683060e-02 -1.28727849e-01
  -2.97475362e-01 -2.32829056e-01  1.14404655e-02  2.63651318e-01
  -5.45041534e-02 -6.05314008e-02 -1.38353957e-01 -3.19968041e-01
  -3.79295134e-03  1.78009962e-01 -3.07987256e-01  2.04471734e-01
  -5.35975523e-02  1.22466700e-01  4.31212984e-02 -9.71626287e-02
  -1.75597287e-02  1.53031993e-01  3.67787686e-02  2.18661822e-01
  -8.84043153e-02  2.14208543e-01  6.55102205e-02 -1.22223482e-01
  -5.95026809e-01 -1.39523651e-01 -2.65366468e-01  1.41476398e-02]
 [-1.66883463e-01  3.77770577e-01  3.27970274e-01  3.41561628e-01
   3.73100564e-01 -7.13277674e-02 -4.33289448e-01 -2.65668901e-01
   1.19457397e-01 -5.06946932e-02 -1.36496478e-01  1.11078802e-01
   3.26932991e-01  3.99757126e-02  1.24595636e-01 -1.98942202e-01
   2.05004432e-01  3.09745233e-01 -1.22112931e-01  3.98639825e-01
  -2.25679029e-01  2.30705306e-01  1.40985537e-01  1.98921426e-01
  -3.16625152e-01  2.93480896e-02  1.06555305e-02 -2.46068817e-01
  -9.06244341e-02  3.75872181e-01 -5.71877282e-03 -3.14816783e-02
   1.60720535e-01 -3.21639703e-01 -4.44674343e-01 -2.88247996e-01
  -1.08740420e-03  4.16014589e-02  2.66134342e-01 -1.40608225e-01
  -2.39636675e-02  1.04381081e-02  5.21449279e-02  4.23289594e-01
  -5.18023671e-03  5.19041013e-02  1.19877851e-03 -3.89975073e-01
  -4.87087170e-02 -1.60746203e-02 -4.13866637e-03 -3.81570306e-02
  -2.57761811e-01  3.34534302e-01 -2.83980859e-02  2.47362384e-01
   1.77012159e-01 -2.27166796e-01 -1.58290860e-01  1.49509762e-02
  -4.22096278e-01 -2.05562034e-02 -7.20226444e-02  1.36333763e-01]
 [-8.01279936e-02  3.58104415e-02  2.75155126e-02 -1.35699066e-01
   2.96895784e-01 -1.30541741e-01 -7.64098759e-02  1.41632790e-01
   4.27238694e-01  5.00088127e-02  1.09859788e-01  1.49271535e-01
  -4.02947707e-01  1.97870238e-01  5.83793979e-01 -1.63215886e-01
  -1.28409739e-01  1.74036548e-01 -3.77147562e-01  1.03439759e-02
  -1.79986808e-01 -1.14045322e-01  5.31044611e-02  4.61798557e-01
  -7.80382729e-02  6.35395563e-02  6.80223587e-04 -1.17961886e-03
  -6.36841967e-02 -3.14484959e-02  1.57505632e-01  3.52925478e-01
  -3.07651193e-01  1.57980352e-01  2.70798864e-01 -1.42117478e-01
  -1.46473312e-01 -2.78915609e-01 -8.16155087e-02 -2.76965628e-01
   6.33388116e-02 -2.96925717e-01 -1.15255937e-01  1.80682092e-01
   3.36876645e-02  8.41520027e-02 -1.05914689e-01  1.04290737e-02
  -1.00194433e-01  2.89152770e-01 -1.68179810e-01  5.68669141e-02
   1.39478330e-01 -1.33942543e-02  1.77618887e-01 -5.68132054e-02
   4.49523030e-01  7.08100492e-02 -1.65347776e-01 -2.49293992e-03
   1.03781982e-01 -3.91920005e-03  1.96169649e-02 -3.76329778e-03]
 [-3.08160497e-01 -5.99558377e-02 -1.37852857e-01 -3.70843733e-02
  -2.16679553e-01  2.74412395e-01 -3.26818497e-01 -1.93672038e-01
  -3.80386130e-02 -1.16493302e-01  4.30039792e-02  3.95706916e-02
  -8.42809144e-02  1.99801816e-01  3.63871696e-01  2.59460152e-01
   1.75856948e-01 -6.07716193e-02 -2.13816338e-02 -3.47417957e-01
  -8.15059405e-02  3.51800893e-01 -3.00473465e-02  4.55865480e-02
   2.94451295e-02 -1.60210542e-02  2.91534880e-01 -3.35216712e-01
  -1.37214865e-01  3.56660856e-01 -1.47005426e-03 -1.29567065e-01
  -1.80940246e-01 -1.44541400e-01  1.84773004e-01  8.37807832e-02
  -2.52871451e-01 -1.74799603e-01  2.71800757e-01  1.44093425e-01
   3.09039023e-01  1.75841927e-01 -4.98531526e-04  1.60519068e-01
  -9.12992000e-03 -2.33043191e-02 -3.21315442e-02 -4.86937809e-01
   3.49225419e-02 -1.25152425e-01 -4.20520141e-01 -1.13461447e-01
   5.67978674e-01  4.37356463e-02  1.77426016e-01 -3.43453026e-01
   3.61993271e-01  2.82932140e-02 -1.09473741e-01 -4.71518159e-02
   1.56748953e-01 -2.18125258e-01  1.90258396e-01 -4.80644755e-01]
 [-1.32476485e-01  1.18585882e-01  8.54066253e-02 -3.36333810e-01
  -1.82372255e-01 -1.81128117e-01  2.38898131e-01 -4.80328683e-02
  -5.00293516e-01 -2.29259417e-01  2.06055964e-01  1.13463620e-01
  -3.07011626e-01 -1.57323074e-01  3.09026350e-02 -1.17683931e-01
  -2.67167244e-02  2.55578278e-02 -2.60049777e-01  4.65199151e-01
  -9.43805406e-02  9.14742294e-02  1.06836850e-01 -5.92070058e-01
   1.34671459e-01 -1.22627414e-01  1.25668169e-01  4.05259137e-01
  -4.05141001e-01  4.17814213e-02 -8.28680043e-02  6.74544702e-02
   1.88470759e-01  3.60803283e-01  3.65787635e-01  1.07626408e-01
  -5.42171535e-02 -9.35127628e-02 -2.68808549e-01  2.16284118e-01
   4.15052131e-02 -4.91065266e-02 -1.05073495e-01 -2.55855996e-01
   6.42362876e-02 -5.95310874e-02  3.94200939e-01 -9.65063363e-02
   5.18976970e-02  8.41090301e-02  4.33585273e-01  8.62944366e-02
  -3.81281969e-01 -9.79082202e-02 -3.73831506e-01  1.21751875e-01
  -6.99508006e-02  3.09383126e-01  2.33162728e-02  1.46414332e-01
   2.26025452e-01  2.65317638e-01  4.75147655e-01 -7.57901272e-02]
 [ 3.85480729e-01  2.81384237e-01 -1.01251040e-01 -2.64558392e-01
   1.60227921e-01  6.37389419e-02 -1.00250333e-01 -8.92141667e-02
  -2.28911714e-01 -1.20426770e-01 -6.78771605e-02  7.27648853e-02
   2.49738887e-01  1.05364206e-01  3.69118092e-01  5.04790074e-02
   1.56915765e-01 -3.55978612e-01  2.20041378e-01 -2.97836643e-02
  -2.26530511e-01 -3.62441232e-01 -2.98198064e-02 -1.03354001e-01
   6.77570294e-02 -3.82074747e-01 -9.94148383e-02  3.87179540e-01
   2.07673363e-01 -3.15805454e-01  3.18069558e-01 -2.43206418e-01
   1.39790611e-01  1.78242637e-03 -2.78375103e-01  2.84436677e-01
  -5.40145168e-01  2.47258033e-01 -1.58090205e-02  1.77238802e-02
   7.93737628e-02  3.35191646e-01  1.52331003e-01 -1.60156175e-01
   2.10996991e-01 -1.20933348e-01  1.48801811e-01  4.91102477e-02
  -2.29555529e-01  2.09286235e-01 -1.34190319e-01  3.74512021e-02
  -2.48983165e-02  6.22976283e-01  1.84335398e-01  4.15699313e-01
   5.92827817e-02 -2.15894557e-01  6.71131359e-01 -1.84144837e-02
   1.87494342e-01  3.33479267e-01  2.69849596e-01  9.36508945e-02]
 [-1.06217149e-01  3.21758309e-01  1.95618757e-01  3.47282274e-01
  -9.77235024e-02 -2.26538574e-01  1.66086916e-01 -2.71769261e-01
   4.86636692e-01  7.47575058e-02 -2.81868505e-01 -1.31420672e-01
   1.49057768e-01 -1.52168451e-01  2.63638468e-01 -6.49759789e-02
  -1.18387910e-02  2.07530703e-01 -2.44120830e-01 -1.10998006e-01
  -1.75107912e-01 -8.62200999e-02 -6.88585082e-02 -5.99900566e-01
  -6.38866869e-02 -9.37209823e-02 -5.20927681e-02 -6.78866129e-02
  -2.76742629e-01 -2.17880389e-01  5.04012416e-01  1.94491102e-01
  -1.36897218e-01  4.65513062e-02  4.33277311e-01 -1.30014100e-01
   2.76867825e-01  3.56646751e-01  1.89597779e-01 -2.20721496e-01
  -1.15506678e-01 -8.29639188e-02 -6.30792488e-02 -1.82781836e-01
  -1.70924515e-01  1.60174765e-01  2.55447130e-01 -1.00520531e-01
  -3.20939522e-02  6.44037998e-02  1.35145514e-01  1.12912028e-01
  -1.06901123e-01  2.87547719e-01 -4.28929973e-01 -2.83868127e-01
  -3.42421266e-01  8.25759150e-02  9.80096194e-02 -7.07669247e-02
   1.30747505e-02 -1.90089985e-01 -5.94931033e-01 -2.01726548e-01]
 [ 7.40687099e-02  1.96583305e-01  3.49037550e-01 -2.90869900e-02
   7.68150942e-02 -1.20608338e-01 -2.68374663e-01  1.34248218e-01
  -7.15413324e-02  5.74290976e-02  2.19814914e-02 -5.06802024e-02
  -2.51670768e-01  2.01115215e-01 -3.33903118e-01  1.31062962e-01
  -1.27884519e-01  1.54855337e-01  6.80366401e-01  2.02747900e-01
  -1.24168315e-01 -1.32560532e-01 -1.14718235e-03  2.81955543e-01
  -1.31200390e-01  5.14944317e-01 -2.31488043e-01 -2.45773802e-03
  -5.14085614e-01  2.69854248e-02 -2.33143552e-01  1.75640157e-01
   4.12545035e-02 -1.59270859e-01 -3.85698535e-01  9.77981467e-02
  -1.07595962e-01 -2.53955320e-02  1.94136338e-01  2.56556526e-01
  -4.30319021e-01  1.93528876e-01 -6.34140408e-02  1.80978450e-01
   7.17987710e-03  1.40464557e-01  5.47549857e-02  4.56085251e-01
  -1.12590650e-01 -5.43464397e-02 -1.00010160e-01 -1.07540654e-01
   3.15920643e-01  6.26211981e-02  1.19929363e-01 -2.14690763e-01
   1.05594293e-02 -2.72306164e-01 -6.61306348e-03 -3.18641270e-01
  -2.40119049e-01  1.07356490e-01  7.32110310e-02 -7.95916355e-02]
 [-4.27531108e-01 -5.62050890e-02  1.59930577e-01  5.46210695e-02
  -1.35318507e-01  1.18648459e-01  4.43984938e-01 -8.38612825e-02
  -2.55329764e-02 -3.52669435e-01 -9.97952710e-02  2.62181070e-01
  -6.61121938e-02 -2.59278562e-01 -4.80486724e-02 -6.08794191e-02
   2.17707388e-01  5.06582196e-01  3.29220169e-01 -4.19779360e-02
  -4.96920884e-02 -2.99910109e-01  5.28783643e-01 -3.16765144e-01
  -3.35815882e-01 -1.71034336e-01 -1.13174348e-02 -5.15519115e-01
   4.72428275e-01  5.08239168e-02  4.00053986e-01 -2.73209784e-01
  -6.54701186e-02  1.98893959e-01 -3.42898934e-02 -2.22346193e-01
  -8.13933745e-02  7.54569924e-02  1.61946503e-02  1.10001597e-01
  -4.48146956e-02  6.82683328e-02  2.69898337e-01  1.92743797e-02
   2.42404270e-02  3.34935075e-02  1.31626913e-01 -1.55425589e-01
  -1.56036858e-01 -2.66015714e-01  8.76478182e-02  3.32234548e-02
  -8.35516733e-02  7.07347442e-04  3.92805490e-02  5.71230357e-02
   2.30205903e-02 -1.49428836e-01  8.37881458e-02  3.99797294e-01
  -2.27682743e-01 -2.69721548e-01  2.89948284e-01 -2.44516552e-01]
 [-8.41465200e-02  3.16462341e-02  7.83444893e-02  2.67449834e-02
   3.02020285e-01 -1.08200286e-01  2.55864304e-01  1.53082376e-02
  -1.25164154e-01  2.18876378e-02 -3.13594810e-01  1.40605756e-01
   4.88018702e-02  1.76177470e-01 -3.83731896e-01  1.32544913e-02
  -2.82890687e-01  8.36131932e-02  2.24952019e-01 -1.88532833e-01
   7.97768150e-02  4.13173126e-01  1.78355018e-02 -3.10772578e-01
   3.21526213e-01  1.60930126e-01  2.44323529e-02  1.27178927e-01
   1.32834364e-01  4.72204914e-03 -3.27301597e-01 -4.45334694e-01
   1.40700531e-01  2.52802627e-02 -7.33551422e-02 -4.08530091e-01
   2.44389537e-01  5.32309226e-02 -3.12976511e-01 -6.62741802e-02
  -8.42635327e-02  2.18919057e-01  7.34613627e-02 -6.63246060e-03
  -2.08738692e-01 -2.12137127e-01  1.71963681e-01  2.66269795e-01
   7.54372910e-02 -7.93327703e-02  2.25495162e-02  7.54794790e-02
  -9.39353489e-02 -3.66503940e-01 -3.55811488e-02  1.30554484e-01
  -3.93480069e-01  2.34396817e-02  1.85520623e-01  8.12807185e-03
   5.76311942e-02 -2.06082846e-01  5.58250597e-02  4.75807508e-02]]